<?xml version="1.0" standalone="no"?>
<!DOCTYPE svg PUBLIC "-//W3C//DTD SVG 20010904//EN"
 "http://www.w3.org/TR/2001/REC-SVG-20010904/DTD/svg10.dtd">
<svg version="1.0" xmlns="http://www.w3.org/2000/svg"
 width="512.000000pt" height="512.000000pt" viewBox="0 0 512.000000 512.000000"
 preserveAspectRatio="xMidYMid meet">

<g transform="translate(0.000000,512.000000) scale(0.100000,-0.100000)"
fill="#000000" stroke="none">
<path d="M2375 5109 c-325 -45 -615 -194 -845 -435 -281 -295 -417 -674 -389
-1084 14 -200 55 -345 149 -535 195 -391 569 -674 1007 -762 122 -24 404 -24
526 0 637 128 1109 656 1156 1295 30 411 -109 794 -396 1093 -209 216 -467
358 -755 414 -99 20 -355 28 -453 14z m105 -548 c0 -77 24 -111 80 -111 56 0
80 34 80 112 l0 59 48 -7 c263 -38 504 -193 651 -418 73 -112 140 -300 141
-393 l0 -33 -64 0 c-58 0 -67 -3 -85 -26 -27 -35 -27 -66 2 -99 18 -22 34 -27
86 -32 l63 -6 -6 -53 c-13 -116 -72 -265 -149 -379 -142 -211 -386 -362 -639
-399 l-48 -7 0 59 c0 78 -24 112 -80 112 -56 0 -80 -34 -80 -112 l0 -59 -47 7
c-254 37 -498 188 -640 399 -77 114 -136 263 -149 379 l-6 53 63 6 c52 5 68
10 86 32 29 33 29 64 2 99 -18 23 -27 26 -86 26 l-66 0 6 59 c8 69 49 206 85
276 130 258 363 437 653 500 103 22 99 23 99 -44z"/>
<path d="M2534 4270 c-52 -21 -54 -34 -54 -327 l0 -272 24 -28 24 -28 280 0
280 0 26 24 c34 32 35 79 3 109 -22 21 -33 22 -247 24 l-225 3 -5 227 c-5 211
-6 229 -25 247 -26 24 -54 32 -81 21z"/>
<path d="M350 3604 c-74 -32 -133 -118 -145 -210 -9 -66 148 -1583 173 -1679
27 -100 62 -182 117 -272 38 -62 100 -130 311 -338 145 -143 268 -273 274
-288 5 -16 10 -62 10 -103 l0 -74 -35 0 c-48 0 -92 -24 -115 -63 -18 -29 -20
-51 -20 -257 0 -206 2 -228 20 -257 39 -65 23 -63 617 -63 502 0 541 1 572 18
65 35 71 60 71 300 0 238 -6 268 -62 302 -19 12 -51 20 -75 20 l-43 0 0 243
c0 339 -23 492 -102 690 -101 250 -253 438 -652 801 -239 218 -275 246 -334
261 l-46 12 -116 394 c-64 217 -126 413 -138 436 -28 54 -85 111 -128 129 -43
18 -110 17 -154 -2z m101 -154 c10 -6 27 -27 38 -48 16 -32 241 -785 241 -806
0 -5 -11 -21 -25 -38 -51 -60 -58 -165 -16 -250 28 -59 562 -648 603 -666 24
-10 34 -10 56 0 34 17 57 58 49 89 -4 13 -130 160 -281 327 -290 320 -312 351
-282 397 35 54 57 41 288 -169 380 -345 511 -495 608 -691 100 -202 130 -368
130 -722 l0 -233 -300 0 c-165 0 -300 3 -300 8 -1 4 -5 51 -9 105 -14 156 -21
166 -311 447 -172 167 -265 265 -297 313 -56 84 -106 214 -122 312 -6 39 -45
400 -86 804 -79 767 -79 768 -38 813 19 21 27 22 54 8z"/>
<path d="M4614 3606 c-42 -18 -99 -77 -126 -129 -12 -23 -74 -219 -138 -436
l-115 -394 -47 -12 c-59 -15 -95 -43 -334 -261 -399 -363 -551 -551 -652 -801
-79 -198 -102 -351 -102 -690 l0 -243 -42 0 c-25 0 -57 -8 -76 -20 -56 -34
-62 -64 -62 -302 0 -188 2 -218 18 -248 38 -72 24 -70 625 -70 594 0 578 -2
617 63 18 29 20 51 20 257 0 206 -2 228 -20 257 -23 39 -67 63 -115 63 l-35 0
0 74 c0 41 5 87 10 103 6 15 129 145 274 288 211 208 273 275 311 338 55 90
90 172 117 272 25 95 181 1601 173 1673 -6 62 -41 135 -82 174 -57 54 -151 73
-219 44z m109 -164 c41 -45 41 -46 -38 -813 -41 -404 -80 -765 -86 -804 -6
-38 -25 -107 -41 -151 -51 -142 -103 -207 -377 -474 -289 -280 -302 -297 -308
-434 -2 -44 -6 -91 -9 -103 l-4 -23 -300 0 -300 0 0 233 c0 143 6 272 15 337
40 296 161 527 408 778 154 157 514 481 542 488 54 13 88 -32 65 -86 -7 -18
-136 -167 -287 -333 -150 -166 -276 -313 -280 -326 -8 -31 15 -72 49 -89 22
-10 33 -10 57 0 41 17 574 607 602 666 42 86 35 190 -18 252 l-26 31 113 387
c115 396 127 429 161 463 24 24 41 24 62 1z"/>
</g>
</svg>
